0.01	0.01	0.25	0.25
0.15799928310276834	0.15799928310276834	0.4288788300275624	0.07112116997243766
0.2978397526700571	0.2978397526700564	0.4114383130013188	0.08856168699868085
0.4328446218867091	0.432844621886709	0.3991580992570664	0.10084190074293348
0.5642313383497309	0.5642313383497314	0.3894937238043173	0.1105062761956827
0.6926865142054504	0.6926865142054504	0.38145825853287646	0.11854174146712332
0.8186614599703085	0.8186614599703086	0.3745505818880434	0.12544941811195667
0.9424791944938915	0.9424791944938916	0.36847671706868707	0.13152328293131296
1.064384028877385	1.0643840288773854	0.36304761755069004	0.13695238244931002
1.184568042709531	1.1845680427095309	0.35813378949775165	0.1418662105022483
1.3031867492466667	1.3031867492466664	0.3536425649845047	0.1463574350154953
1.4203688694284717	1.4203688694284715	0.3495042838332651	0.1504957161667349
1.5362229488827486	1.5362229488827486	0.3456664483563352	0.1543335516436649
1.6508417862408244	1.6508417862408244	0.3420868072784657	0.15791319272153412
1.764305849572667	1.764305849572667	0.33873252774943047	0.16126747225056956
1.87668551982297	1.8766855198229697	0.33557647625136927	0.16442352374863056
1.9880429104640693	1.9880429104640693	0.33259560547081407	0.16740439452918643
2.098433404971781	2.098433404971781	0.3297719399526986	0.1702280600473014
2.2079066043442563	2.207906604344256	0.3270894914377367	0.17291050856226342
2.3165071524589997	2.3165071524589993	0.32453428671288415	0.17546571328711574
2.424275662076912	2.424275662076912	0.3220951249095335	0.17790487509046643
2.531249036816909	2.53124903681691	0.31976192246120894	0.1802380775387911
2.6374610778607144	2.6374610778607153	0.3175258955849744	0.1824741044150257
2.7429427864240155	2.742942786424012	0.3153789025071024	0.18462109749289746
2.8477228474596856	2.847722847459683	0.31331453166940415	0.18668546833059566
2.95182770065071	2.95182770065071	0.31132674324144577	0.18867325675855426
3.05528195548842	3.055281955488421	0.3094101098781627	0.19058989012183744
3.158108395288196	3.1581083952881954	0.3075594931467688	0.19244050685323114
3.2603283857565186	3.260328385756514	0.3057705103419194	0.19422948965808023
3.3619619003453987	3.361961900345398	0.30403972572223803	0.1959602742777619
3.4630275896746965	3.4630275896746965	0.3023631529982352	0.19763684700176484
3.5635430644799677	3.5635430644799677	0.3007378177501434	0.19926218224985667
3.6635247695828115	3.6635247695828115	0.29916047767058085	0.2008395223294192
3.762988300760456	3.762988300760456	0.2976283408305094	0.20237165916949054
3.8619484097117103	3.8619484097117103	0.2961391117759416	0.20386088822405826
3.960418990975759	3.960418990975759	0.29469079650971797	0.205309203490282
4.058413250931764	4.058413250931764	0.29328087600240216	0.20671912399759787
4.155943705589262	4.155943705589262	0.2919076535731557	0.2080923464268446
4.253022183538284	4.253022183538284	0.290569122014419	0.20943087798558127
4.349660000305843	4.349660000305843	0.28926353519245873	0.21073646480754119
4.445867958355942	4.445867958355942	0.28798940804736756	0.21201059195263186
4.541656347089569	4.541656347089569	0.28674551659306446	0.21325448340693504
4.637034924636324	4.637034924636324	0.2855305249196527	0.21446947508034736
4.732013126461919	4.732013126461919	0.284342953726621	0.21565704627337895
4.8265998981479985	4.8265998981479985	0.28318178987817183	0.21681821012182803
4.920803778095677	4.920803778095677	0.28204579227080523	0.2179542077291947
5.014632992832847	5.014632992832847	0.28093385706429125	0.2190661429357088
5.108095457014178	5.108095457014178	0.27984501768167014	0.22015498231833022
5.20119877342112	5.20119877342112	0.27877844480925196	0.22122155519074857
5.293950232961897	5.293950232961897	0.277733446396617	0.22226655360338338
5.386356791474384	5.386356791474384	0.27670918040645204	0.22329081959354802
5.478425247214586	5.478425247214586	0.27570463943976053	0.22429536056023944
5.570162100256859	5.570162100256859	0.27471932120153036	0.2252806787984696
5.661573557435642	5.661573557435642	0.2737524372187967	0.22624756278120328
5.752665636498007	5.752665636498007	0.2728032709406219	0.22719672905937813
5.843444166103655	5.843444166103655	0.2718711777380954	0.2281288222619046
5.93391478582492	5.93391478582492	0.2709555849043341	0.22904441509566598
6.024082946146767	6.024082946146767	0.27005599165448174	0.22994400834551829
6.113953908466792	6.113953908466792	0.26917196912570956	0.2308280308742905
6.203532745095219	6.203532745095219	0.26830316037721574	0.23169683962278428
6.292824310650726	6.292824310650726	0.26744871051202473	0.2325512894879753
6.381833481981079	6.381833481981079	0.2666083515139921	0.23339164848600796
6.470564834270974	6.470564834270974	0.2657816851265918	0.2342183148734082
6.5590228018243195	6.5590228018243195	0.2649682317849907	0.23503176821500918
6.647211704937928	6.647211704937928	0.264167549343979	0.23583245065602082
6.73513574990151	6.73513574990151	0.26337923307797023	0.23662076692202963
6.822799028997681	6.822799028997681	0.2626029156810012	0.23739708431899872
6.910205520501958	6.910205520501958	0.26183826726673204	0.23816173273326804
6.99735908868276	6.99735908868276	0.2610849953684462	0.238915004631554
7.084263483801406	7.084263483801406	0.2603428449390505	0.23965715506094973
7.17092234211212	7.17092234211212	0.25961159835107506	0.2403884016489251
7.257339160519138	7.257339160519138	0.2588909291496722	0.2411090708503278
7.343517399804017	7.343517399804017	0.2581802380630545	0.24181976193694557
7.429460488230181	7.429460488230181	0.25747956722006227	0.2425204327799378
7.515171644705856	7.515171644705856	0.25678860692898814	0.24321139307101175
7.600654020031712	7.600654020031712	0.2561070667440147	0.24389293325598507
7.685910696900859	7.685910696900859	0.2554346754652143	0.24456532453478547
7.77094468989885	7.77094468989885	0.2547711811385491	0.24522881886145076
7.855758945503682	7.855758945503682	0.25411635105587094	0.245883648944129
7.940356342085792	7.940356342085792	0.25346997175492175	0.24653002824507836
8.024739689908062	8.024739689908062	0.25283184901933314	0.24716815098066722
8.10891173112581	8.10891173112581	0.25220180787862645	0.2477981921213741
8.192875139786803	8.192875139786803	0.251579692608213	0.2484203073917877
8.276632521831253	8.276632521831253	0.25096536672939385	0.24903463327060688
8.360186415091803	8.360186415091803	0.25035871300935975	0.2496412869906407
8.443539257510729	8.443539257510729	0.2497594899132354	0.2502405100867646
8.5266934904968	8.5266934904968	0.24916724575570134	0.25083275424429874
8.609651582034244	8.609651582034244	0.24858212589743756	0.2514178741025625
8.6924158140706	8.6924158140706	0.2480039408532913	0.2519960591467087
8.774988428436242	8.774988428436242	0.24743251086617873	0.2525674891338212
8.8573716268444	8.8573716268444	0.2468676659070852	0.25313233409291475
8.939567570891152	8.939567570891152	0.24630924567506488	0.253690754324935
9.021578382055418	9.021578382055418	0.2457570995972411	0.25424290040275876
9.103406141698974	9.103406141698974	0.24521108682880627	0.2547889131711936
9.185052891066439	9.185052891066439	0.2446710762530217	0.2553289237469783
9.266520631285278	9.266520631285278	0.2441369464812178	0.2558630535187823
9.347811323365807	9.347811323365807	0.243608585852794	0.25639141414720623
9.428926888201191	9.428926888201191	0.24308589243521872	0.2569141075647816
9.509869206567439	9.509869206567439	0.2425687740240295	0.257431225975971
9.59064011912341	9.59064011912341	0.24205714814283275	0.25794285185716775
9.67124142641081	9.67124142641081	0.2415509420433041	0.25844905795669637
9.751674888854197	9.751674888854197	0.24105009270518804	0.25894990729481226
9.831942212037598	9.831942212037598	0.24055450102217293	0.25944549897782704
9.912045024569286	9.912045024569286	0.2400636472940919	0.25993635270590804
9.991985165537221	9.991985165537221	0.23957782084988422	0.26042217915011573
10.071764235805338	10.071764235805338	0.23909690675253303	0.2609030932474669
10.151383813077107	10.151383813077107	0.238620794862028	0.261379205137972
10.230845451895533	10.230845451895533	0.23814937983536505	0.26185062016463506
10.310150683643148	10.310150683643148	0.23768256112654643	0.26231743887345366
10.389301016542026	10.389301016542026	0.237220242986581	0.2627797570134192
10.468297935653771	10.468297935653771	0.23676233446348374	0.26323766553651645
10.54714290287952	10.54714290287952	0.23630874940227614	0.2636912505977241
10.625837356959943	10.625837356959943	0.23585940644498601	0.2641405935550141
10.704382713475246	10.704382713475246	0.23541422903064763	0.26458577096935254
10.782780364845165	10.782780364845165	0.2349731453953015	0.26502685460469855
10.861031680328976	10.861031680328976	0.23453608857199462	0.26546391142800535
10.93913800602548	10.93913800602548	0.23410299639078033	0.26589700360921953
11.01710066487302	11.01710066487302	0.23367381147871832	0.2663261885212814
11.094920956649466	11.094920956649466	0.23324848125987474	0.266751518740125
11.172600157972223	11.172600157972223	0.232826957955322	0.2671730420446777
11.250139522298234	11.250139522298234	0.23240919858313888	0.26759080141686076
11.32754027992397	11.32754027992397	0.23199516495841072	0.26800483504158895
11.40480363798544	11.40480363798544	0.23158482369322902	0.26841517630677075
11.48193078045818	11.48193078045818	0.23117814619669175	0.26882185380330814
11.558922774884893	11.558922774884893	0.23077477867122995	0.26922522132877
11.635780907275954	11.635780907275954	0.23037476062020124	0.26962523937979876
11.712506353948058	11.712506353948058	0.2299781745059761	0.2700218254940239
11.789100209090655	11.789100209090655	0.22958495440689392	0.2704150455931061
11.865563553747156	11.865563553747156	0.2291950367100445	0.2708049632899555
11.941897455814933	11.941897455814933	0.22880836011126782	0.27119163988873224
12.018102970045309	12.018102970045309	0.2284248656151541	0.27157513438484593
12.094181138043568	12.094181138043568	0.228044496535044	0.271955503464956
12.170132988268952	12.170132988268952	0.2276671984930284	0.27233280150697164
12.245959536034656	12.245959536034656	0.22729291941994836	0.27270708058005166
12.321661783507839	12.321661783507839	0.2269216095553955	0.2730783904446046
12.397240719709615	12.397240719709615	0.22655322144771137	0.27344677855228866
12.472697320515051	12.472697320515051	0.22618770995398804	0.273812290046012
12.548032548653179	12.548032548653179	0.22582503224006786	0.27417496775993216
12.623247353706985	12.623247353706985	0.2254651477805434	0.2745348522194566
12.69834267211341	12.69834267211341	0.22510801835875754	0.2748919816412425
12.773319427163358	12.773319427163358	0.22475360806680345	0.27524639193319655
12.848178529001684	12.848178529001684	0.22440188330552455	0.2755981166944755
12.922920874627206	12.922920874627206	0.22405281278451464	0.2759471872154854
12.997547347892697	12.997547347892697	0.2237063675221177	0.27629363247788236
13.072058819504889	13.072058819504889	0.22336252084542804	0.27663747915457193
13.146456147024468	13.146456147024468	0.2230212483902903	0.2769787516097097
13.220740174866084	13.220740174866084	0.22268252810129935	0.27731747189870065
13.294911734298335	13.294911734298335	0.2223463402318004	0.27765365976819967
13.368971643443787	13.368971643443787	0.22201266734388883	0.2779873326561112
13.442920707278954	13.442920707278954	0.22168149430841047	0.2783185056915896
13.516759680417342	13.516759680417342	0.22135270341256896	0.2786472965874311
13.590489330335213	13.590489330335213	0.22102603016710187	0.2789739698328982
13.664110561740953	13.664110561740953	0.22070171553505355	0.27929828446494653
13.73762412586433	13.73762412586433	0.22037972137873316	0.27962027862126687
13.811030766408948	13.811030766408948	0.22006001067334283	0.2799399893266572
13.884331219552216	13.884331219552216	0.2197425475069775	0.2802574524930225
13.95752621394539	13.95752621394539	0.21942729708062503	0.2805727029193749
14.030616470713532	14.030616470713532	0.21911422570816616	0.2808857742918338
14.103602703455532	14.103602703455532	0.2188033008163744	0.2811966991836255
14.176485618244108	14.176485618244108	0.21849449094491624	0.2815055090550837
14.249265913625795	14.249265913625795	0.21818776574635096	0.28181223425364893
14.321944280620956	14.321944280620956	0.21788309598613076	0.28211690401386913
14.394521402723774	14.394521402723774	0.2175804535426007	0.28241954645739925
14.466997955902258	14.466997955902258	0.21727981140699867	0.28272018859300124
14.539374608598235	14.539374608598235	0.2169811436834555	0.28301885631654444
14.611652021727368	14.611652021727368	0.21668442558899487	0.28331557441100513
14.68383084867913	14.68383084867913	0.21638963345353324	0.28361036654646676
14.755911735316818	14.755911735316818	0.21609674471988002	0.28390325528012
14.827895319977566	14.827895319977566	0.21580573794373753	0.2841942620562625
14.899782233472315	14.899782233472315	0.21551659279370086	0.2844834072062993
14.971573099085841	14.971573099085841	0.21522929005125804	0.2847707099487421
15.043268532576738	15.043268532576738	0.21494381161078993	0.28505618838921026
15.11486914217742	15.11486914217742	0.2146601404795703	0.28533985952042995
15.186375528594136	15.186375528594136	0.2143782607777657	0.28562173922223455
15.257788285006946	15.257788285006946	0.2140981577384357	0.28590184226156456
15.32910799706974	15.32910799706974	0.2138198177075326	0.28618018229246767
15.400335242910229	15.400335242910229	0.21354322814390164	0.28645677185609864
15.47147059312995	15.47147059312995	0.21326837761928089	0.2867316223807193
15.54251461080426	15.54251461080426	0.21299525581830134	0.28700474418169886
15.61346785148234	15.61346785148234	0.2127238535384868	0.28727614646151334
15.684330863187201	15.684330863187201	0.21245416269025397	0.2875458373097461
15.755104101768692	15.755104101768692	0.21218593177742093	0.28781406822257916
15.82578822024094	15.82578822024094	0.2119192716078549	0.2880807283921452
15.896383775228518	15.896383775228518	0.21165422932597158	0.2883457706740285
15.966891284268723	15.966891284268723	0.2113907830171038	0.2886092169828963
16.03731126050781	16.03731126050781	0.21112891131667308	0.288871088683327
16.107644212701008	16.107644212701008	0.21086859341018988	0.28913140658981007
16.17789064521252	16.17789064521252	0.21060980903325355	0.28939019096674634
16.24805105801551	16.24805105801551	0.210352538471552	0.28964746152844784
16.31812594669212	16.31812594669212	0.21009676256086224	0.28990323743913754
16.388115802433457	16.388115802433457	0.2098424626870499	0.2901575373129498
16.458021112039603	16.458021112039603	0.20958962078606957	0.29041037921393004
16.527842357919603	16.527842357919603	0.20933821934396454	0.29066178065603504
16.597580018091477	16.597580018091477	0.20908824139686702	0.2909117586031325
16.667234566182213	16.667234566182213	0.20883967053099803	0.29116032946900156
16.73680647142777	16.73680647142777	0.2085924908826673	0.29140750911733226
16.80629619867307	16.80629619867307	0.20834668713827348	0.29165331286172613
16.87570420837202	16.87570420837202	0.20810224453430406	0.29189775546569563
16.945030956587484	16.945030956587484	0.2078591488573353	0.29214085114266447
17.0142768949913	17.0142768949913	0.20761738644403224	0.2923826135559676
17.083442470864277	17.083442470864277	0.20737694418114883	0.2926230558188512
17.15252812709619	17.15252812709619	0.20713780950552782	0.2928621904944723
17.22153430218579	17.22153430218579	0.20689997040410069	0.2931000295958996
17.290461430240793	17.290461430240793	0.20666341541388786	0.2933365845861126
17.359309940977884	17.359309940977884	0.2064281336219985	0.29357186637800214
17.42808025972272	17.42808025972272	0.20619411466563065	0.29380588533437013
17.49677280740993	17.49677280740993	0.2059613487320711	0.2940386512679299
17.565388000583113	17.565388000583113	0.20572982655869548	0.29427017344130557
17.633926251394833	17.633926251394833	0.20549953943296834	0.29450046056703283
17.702387967606622	17.702387967606622	0.20527047919244287	0.2947295208075583
17.770773552589	17.770773552589	0.20504263822476126	0.29495736177523996
17.839083405321432	17.839083405321432	0.2048160094676544	0.2951839905323468
17.90731792039237	17.90731792039237	0.20459058640894207	0.295409413591059
17.975477487999225	17.975477487999225	0.2043663630865328	0.2956336369134681
18.04356249394839	18.04356249394839	0.204143334088424	0.2958566659115766
18.111573319655214	18.111573319655214	0.20392149455270184	0.29607850544729836
18.179510281197167	18.179510281197167	0.20370070285577335	0.29629929714422665
18.247373808816153	18.247373808816153	0.20348096137760555	0.2965190386223944
18.315164325065894	18.315164325065894	0.20326235275929164	0.2967376472407084
18.38288219241996	18.38288219241996	0.20304486397112745	0.29695513602887247
18.45052777074848	18.45052777074848	0.20282848226106429	0.29717151773893563
18.518101417318107	18.518101417318107	0.2026131951547085	0.29738680484529145
18.585603486792053	18.585603486792053	0.20239899045532184	0.2976010095446781
18.653034331230067	18.653034331230067	0.20218585624382124	0.29781414375617876
18.720394300088433	18.720394300088433	0.20197378087877893	0.298026219121221
18.787683740219997	18.787683740219997	0.20176275299642243	0.29823724700357757
18.854902995874124	18.854902995874124	0.20155276151063448	0.29844723848936555
18.922052408696743	18.922052408696743	0.2013437956129531	0.29865620438704693
18.989132317730313	18.989132317730313	0.20113584477257151	0.2988641552274285
19.056143059413845	19.056143059413845	0.20092889873633835	0.2990711012636617
19.123084967582887	19.123084967582887	0.2007229475287573	0.2992770524712427
19.189958373469533	19.189958373469533	0.20051798145198754	0.2994820185480125
19.25676360570242	19.25676360570242	0.20031399108584336	0.2996860089141567
19.32350099030673	19.32350099030673	0.2001109672877943	0.2998890327122058
19.390170850704177	19.390170850704177	0.19990890119296525	0.30009109880703483
19.456773507713038	19.456773507713038	0.19970778421413635	0.30029221578586374
19.523309279548112	19.523309279548112	0.1995076080417429	0.30049239195825717
19.589778481820755	19.589778481820755	0.19930836464387558	0.3006916353561245
19.656181427538865	19.656181427538865	0.19911004626628026	0.3008899537337197
19.72251842710688	19.72251842710688	0.19891264543235818	0.3010873545676418
19.788789788325776	19.788789788325776	0.19871615494316566	0.30128384505683425
19.85499581639308	19.85499581639308	0.19852056787741448	0.30147943212258543
19.921136813902862	19.921136813902862	0.19832587759147152	0.30167412240852837
19.98721308084573	19.98721308084573	0.198132077719359	0.3018679222806408
20.053224914608844	20.053224914608844	0.19793916217275442	0.30206083782724535
20.11917260997589	20.11917260997589	0.19774712514099052	0.3022528748590092
20.18505645912712	20.18505645912712	0.19755596109105528	0.30244403890894445
20.25087675163931	20.25087675163931	0.19736566476759193	0.30263433523240774
20.31663377448579	20.31663377448579	0.19717623119289904	0.30282376880710066
20.382327812036426	20.382327812036426	0.19698765566693036	0.3030123443330693
20.447959146057634	20.447959146057634	0.19679993376729493	0.3032000662327047
20.513528055712367	20.513528055712367	0.19661306134925713	0.3033869386507425
20.579034817560125	20.579034817560125	0.19642703454573646	0.30357296545426327
20.644479705556954	20.644479705556954	0.19624184976730774	0.303758150232692
20.709862991055434	20.709862991055434	0.19605750370220112	0.3039424962977987
20.775184942804696	20.775184942804696	0.1958739933163019	0.304126006683698
20.840445815593938	20.840445815593938	0.19569129686228035	0.3043087031377196
20.905645811580143	20.905645811580143	0.19550925789015677	0.3044907421098432
20.97078530500235	20.97078530500235	0.19532802115830142	0.30467197884169855
21.035864552341764	21.035864552341764	0.1951475787785457	0.3048524212214543
21.10088380851495	21.10088380851495	0.19496792300542296	0.30503207699457696
21.165843326873883	21.165843326873883	0.19478904623616855	0.3052109537638314
21.23074335920591	21.23074335920591	0.1946109410107198	0.3053890589892802
21.295584155733767	21.295584155733767	0.19443360001171608	0.30556639998828394
21.360365965115584	21.360365965115584	0.19425701606449872	0.3057429839355013
21.42508903444486	21.42508903444486	0.194081182137111	0.30591881786288905
21.489753609250503	21.489753609250503	0.1939060913402983	0.3060939086597018
21.55435993349679	21.55435993349679	0.19373173692750786	0.3062682630724923
21.618908249583384	21.618908249583384	0.193558112294889	0.30644188770511116
21.68339879834535	21.68339879834535	0.193385210981293	0.3066147890187072
21.747831819053125	21.747831819053125	0.19321302666827314	0.3067869733317271
21.812207549412538	21.812207549412538	0.19304155318008467	0.3069584468199156
21.8765262255648	21.8765262255648	0.1928707844836849	0.3071292155163154
21.940788082086513	21.940788082086513	0.19270071468873304	0.3072992853112672
22.00499335198966	22.00499335198966	0.19253133804759037	0.3074686619524099
22.069142266721617	22.069142266721617	0.19236264895532007	0.30763735104468015
22.13323505616514	22.13323505616514	0.19219464194968744	0.3078053580503128
22.19727194863838	22.19727194863838	0.19202731171115967	0.30797268828884056
22.261253170894868	22.261253170894868	0.19186065306290595	0.30813934693709427
22.325178948123508	22.325178948123508	0.1916946609707975	0.30830533902920265
22.38904950394862	22.38904950394862	0.1915293305434075	0.30847066945659257
22.452865060429886	22.452865060429886	0.19136465703201117	0.3086353429679889
22.51662583806238	22.51662583806238	0.19120063583058566	0.30879936416941434
22.580332055776577	22.580332055776577	0.19103726247581013	0.3089627375241898
22.643983930938315	22.643983930938315	0.1908745326470658	0.30912546735293406
22.707581679348827	22.707581679348827	0.19071244216643574	0.30928755783356404
22.771125515244744	22.771125515244744	0.19055098699870515	0.30944901300129457
22.834615651298066	22.834615651298066	0.19039016325136118	0.30960983674863846
22.89805229861619	22.89805229861619	0.1902299671745929	0.30977003282540666
22.961435666741895	22.961435666741895	0.19007039516129146	0.309929604838708
23.02476596365335	23.02476596365335	0.18991144374705	0.31008855625294945
23.088043395764107	23.088043395764107	0.18975310961016353	0.3102468903898358
23.1512681679231	23.1512681679231	0.18959538957162927	0.3104046104283701
23.21444048341466	23.21444048341466	0.18943828059514622	0.31056171940485305
23.277560543958494	23.277560543958494	0.18928177978711547	0.3107182202128838
23.340628549709706	23.340628549709706	0.1891258843966401	0.3108741156033592
23.403644699258773	23.403644699258773	0.18897059181552517	0.3110294081844741
23.46660918963157	23.46660918963157	0.18881589957827774	0.31118410042172157
23.52952221628935	23.52952221628935	0.18866180536210686	0.3113381946378926
23.59238397312876	23.59238397312876	0.18850830698692353	0.311491693013076
23.655194652481825	23.655194652481825	0.1883554024153408	0.3116445975846588
23.71795444511596	23.71795444511596	0.1882030897526737	0.3117969102473261
23.78066354023397	23.78066354023397	0.18805136724693922	0.31194863275306073
23.843322073658186	23.843322073658186	0.1879001497717451	0.3120998502282549
23.905930271015247	23.905930271015247	0.1877494457658942	0.31225055423410586
23.968488360212426	23.968488360212426	0.18759930879524986	0.31240069120475017
24.03099652301326	24.03099652301326	0.18744973411161472	0.31255026588838525
24.09345494023028	24.09345494023028	0.18730071704123655	0.3126992829587634
24.155863791724983	24.155863791724983	0.1871522529848077	0.3128477470151923
24.218223256407857	24.218223256407857	0.18700433741746564	0.3129956625825343
24.280533512238353	24.280533512238353	0.18685696588879264	0.3131430341112073
24.342794736224924	24.342794736224924	0.18671013402281583	0.31328986597718406
24.40500710442499	24.40500710442499	0.18656383751800737	0.3134361624819926
24.46717079194495	24.46717079194495	0.1864180721472841	0.3135819278527158
24.52928597294018	24.52928597294018	0.18627283375800782	0.31372716624199204
24.591352820615047	24.591352820615047	0.18612811827198536	0.3138718817280145
24.65337150722289	24.65337150722289	0.1859839216854683	0.3140160783145316
24.715342204066022	24.715342204066022	0.18584024006915303	0.3141597599308468
24.777265081495745	24.777265081495745	0.18569706956818108	0.31430293043181884
24.839140308912338	24.839140308912338	0.1855544064021386	0.31444559359786123
24.90096805476506	24.90096805476506	0.1854122468650568	0.314587753134943
24.962748486552144	24.962748486552144	0.18527058732541174	0.31472941267458815
25.02448177082081	25.02448177082081	0.1851294242261243	0.3148705757738755
25.086168073167258	25.086168073167258	0.18498875408456036	0.3150112459154395
25.147807558236657	25.147807558236657	0.1848485734925306	0.3151514265074693
25.209400389723164	25.209400389723164	0.18470887911629055	0.3152911208837093
25.270946730369918	25.270946730369918	0.18456966769654082	0.3154303323034591
25.332446741969033	25.332446741969033	0.18443093604842667	0.31556906395157325
25.393900585361596	25.393900585361596	0.18429268106153843	0.3157073189384615
25.455308420437696	25.455308420437696	0.18415489969991122	0.3158451003000887
25.51667040613637	25.51667040613637	0.18401758900202503	0.3159824109979749
25.577986700445663	25.577986700445663	0.18388074608080485	0.3161192539191951
25.63925746040258	25.63925746040258	0.18374436812362047	0.3162556318763795
25.700482842093113	25.700482842093113	0.18360845239228657	0.31639154760771343
25.76166300065224	25.76166300065224	0.18347299622306276	0.31652700377693727
25.82279809026391	25.82279809026391	0.1833379970266535	0.31666200297334657
25.883888264161055	25.883888264161055	0.1832034522882081	0.316796547711792
25.944933674625577	25.944933674625577	0.1830693595673209	0.3169306404326792
26.005934472988375	26.005934472988375	0.18293571649803098	0.3170642835019692
26.066890809629317	26.066890809629317	0.18280252078882236	0.3171974792111778
26.127802833977253	26.127802833977253	0.18266977022262396	0.3173302297773762
26.188670694510005	26.188670694510005	0.18253746265680962	0.31746253734319063
26.249494538754387	26.249494538754387	0.18240559602319795	0.3175944039768023
26.31027451328619	26.31027451328619	0.18227416832805257	0.3177258316719477
26.37101076373017	26.37101076373017	0.18214317765208196	0.3178568223479183
26.43170343476008	26.43170343476008	0.18201262215043942	0.3179873778495608
26.492352670098654	26.492352670098654	0.18188250005272324	0.31811749994727706
26.55295861251759	26.55295861251759	0.18175280966297647	0.3182471903370238
26.61352140383757	26.61352140383757	0.18162354935968722	0.31837645064031306
26.674041184928267	26.674041184928267	0.1814947175957883	0.31850528240421194
26.734518095708324	26.734518095708324	0.18136631289865757	0.3186336871013427
26.794952275145363	26.794952275145363	0.18123833387011765	0.3187616661298826
26.855343861255992	26.855343861255992	0.18111077918643614	0.3188892208135641
26.91569299110579	26.91569299110579	0.1809836475983255	0.3190163524016747
26.97599980080932	26.97599980080932	0.180856937930943	0.31914306206905707
27.036264425530128	27.036264425530128	0.18073064908389094	0.3192693509161091
27.09648698502321	27.09648698502321	0.1806047617236408	0.31939523827635924
27.15666756784172	27.15666756784172	0.18047919309950483	0.3195208069004952
27.216806390788314	27.216806390788314	0.18035403095993288	0.3196459690400672
27.276903584103362	27.276903584103362	0.18022927237700131	0.31977072762299874
27.33695927744359	27.33695927744359	0.18010491446212243	0.31989508553787765
27.396973599882102	27.396973599882102	0.17998095436604422	0.3200190456339558
27.45694667990835	27.45694667990835	0.17985738927885084	0.3201426107211492
27.516878645428157	27.516878645428157	0.17973421642996212	0.32026578357003793
27.576769623763703	27.576769623763703	0.17961143308813385	0.32038856691186623
27.636619741653547	27.636619741653547	0.17948903656145768	0.3205109634385424
27.69642912525259	27.69642912525259	0.1793670241973611	0.3206329758026389
27.75619790013212	27.75619790013212	0.17924539338260767	0.32075460661739236
27.815926191279765	27.815926191279765	0.17912414154329664	0.3208758584567034
27.875614123099528	27.875614123099528	0.17900326614486317	0.32099673385513683
27.935261819411785	27.935261819411785	0.17888276469207837	0.32111723530792163
27.994869403453258	27.994869403453258	0.1787626347290492	0.3212373652709507
28.05443699787704	28.05443699787704	0.17864287383921854	0.32135712616078144
28.11396472475259	28.11396472475259	0.17852347964536502	0.32147652035463486
28.17345270556573	28.17345270556573	0.17840444980960338	0.3215955501903965
28.232901061218644	28.232901061218644	0.17828578203338408	0.3217142179666158
28.292309912029868	28.292309912029868	0.17816747405749342	0.32183252594250644
28.351679377734328	28.351679377734328	0.17804952366205376	0.3219504763379461
28.411009577483288	28.411009577483288	0.17793192866652321	0.32206807133347665
28.470300629844388	28.470300629844388	0.17781468692969582	0.322185313070304
28.52955265280163	28.52955265280163	0.17769779634970145	0.3223022036502984
28.588765763755383	28.588765763755383	0.177581254864006	0.3224187451359939
28.647940079522368	28.647940079522368	0.17746506044941104	0.3225349395505888
28.70707571633568	28.70707571633568	0.1773492111220542	0.3226507888779456
28.766172789844774	28.766172789844774	0.17723370493740895	0.3227662950625909
28.82523141511547	28.82523141511547	0.17711853999028457	0.3228814600097153
28.88425170662994	28.88425170662994	0.17700371441482626	0.32299628558517357
28.943233778286746	28.943233778286746	0.1768892263845152	0.3231107736154847
29.002177743400786	29.002177743400786	0.17677507411216833	0.3232249258878316
29.06108371470334	29.06108371470334	0.1766612558499385	0.3233387441500614
29.119951804342037	29.119951804342037	0.1765477698893145	0.32345223011068547
29.178782123880882	29.178782123880882	0.17643461456112092	0.3235653854388791
29.237574784300236	29.237574784300236	0.1763217882355183	0.3236782117644817
29.296329895996823	29.296329895996823	0.17620928932200305	0.323790710677997
29.355047568783736	29.355047568783736	0.17609711626940744	0.3239028837305926
29.413727911890433	29.413727911890433	0.17598526756589966	0.32401473243410045
29.472371033962723	29.472371033962723	0.1758737417389837	0.3241262582610164
29.53097704306279	29.53097704306279	0.17576253735549957	0.32423746264450054
29.589546046669177	29.589546046669177	0.17565165302162308	0.3243483469783771
29.6480781516768	29.6480781516768	0.1755410873828659	0.3244589126171343
29.706573464396918	29.706573464396918	0.17543083912407562	0.3245691608759246
29.765032090557174	29.765032090557174	0.17532090696943572	0.3246790930305645
29.823454135301564	29.823454135301564	0.17521128968246555	0.3247887103175347
29.881839703190444	29.881839703190444	0.17510198606602037	0.32489801393397993
29.94018889820055	29.94018889820055	0.17499299496229123	0.3250070050377091
29.99850182372496	29.99850182372496	0.17488431525280523	0.3251156847471951
30.056778582573138	30.056778582573138	0.17477594585842518	0.3252240541415751
30.115019276970887	30.115019276970887	0.1746678857393499	0.32533211426065045
30.173224008560396	30.173224008560396	0.17456013389511402	0.3254398661048863
30.2313928784002	30.2313928784002	0.17445268936458808	0.32554731063541226
30.289525986965213	30.289525986965213	0.17434555122597853	0.3256544487740218
30.3476234341467	30.3476234341467	0.1742387185968276	0.32576128140317273
30.405685319252296	30.405685319252296	0.17413219063401356	0.32586780936598675
30.463711741005994	30.463711741005994	0.1740259665337504	0.3259740334662498
30.52170279754816	30.52170279754816	0.17392004553158819	0.32607995446841204
30.57965858643551	30.57965858643551	0.1738144269024127	0.32618557309758744
30.63757920464114	30.63757920464114	0.1737091099604456	0.3262908900395544
30.695464748554496	30.695464748554496	0.17360409405924462	0.32639590594075535
30.753315248435612	30.753315248435612	0.1734992972706294	0.3265007027293706
30.811130875179064	30.811130875179064	0.17339478194491637	0.32660521805508363
30.86891173301919	30.86891173301919	0.17329055728036988	0.3267094427196302
30.92665791531268	30.92665791531268	0.1731866214830038	0.32681337851699627
30.984369515055153	30.984369515055153	0.17308297277984155	0.3269170272201585
31.042046624881124	31.042046624881124	0.1729796094189164	0.3270203905810837
31.099689337063996	31.099689337063996	0.17287652966927106	0.327123470330729
31.1572977435161	31.1572977435161	0.17277373182095782	0.3272262681790422
31.21487193578865	31.21487193578865	0.17267121418503883	0.3273287858149613
31.272412005071764	31.272412005071764	0.17256897509358565	0.32743102490641446
31.329918042194475	31.329918042194475	0.17246701289967953	0.3275329871003205
31.3873901376247	31.3873901376247	0.17236532597741142	0.3276346740225886
31.44482838146928	31.44482838146928	0.17226391272188182	0.3277360872781182
31.502232863473942	31.502232863473942	0.1721627715492009	0.3278372284507991
31.559603673023314	31.559603673023314	0.17206190089648846	0.32793809910351157
31.61694089914095	31.61694089914095	0.17196129922187386	0.32803870077812614
31.67424463048928	31.67424463048928	0.17186096500449619	0.3281390349955038
31.73151495536964	31.73151495536964	0.17176089674450412	0.3282391032554958
31.788751961722287	31.788751961722287	0.17166109296305598	0.328338907036944
31.84595573712636	31.84595573712636	0.1715615522023196	0.3284384477976804
31.903126368799917	31.903126368799917	0.17146227302547262	0.3285377269745273
31.960263943599898	31.960263943599898	0.1713632540167022	0.3286367459832978
32.01736854802217	32.01736854802217	0.17126449378120515	0.3287355062187948
32.074440268201485	32.074440268201485	0.17116599094518795	0.328834009054812
32.1314791899115	32.1314791899115	0.17106774415586662	0.3289322558441333
32.18848539856478	32.18848539856478	0.17096975208146686	0.329030247918533
32.24545897921279	32.24545897921279	0.17087201341122407	0.32912798658877584
32.3024000165459	32.3024000165459	0.17077452685538316	0.32922547314461675
32.35930859489337	32.35930859489337	0.17067729114519872	0.32932270885480114
32.41618479822339	32.41618479822339	0.17058030503293498	0.32941969496706486
32.47302871014301	32.47302871014301	0.17048356729186578	0.3295164327081341
32.52984041389824	32.52984041389824	0.17038707671627462	0.32961292328372527
32.58661999237393	32.58661999237393	0.17029083212145457	0.3297091678785453
32.64336752809388	32.64336752809388	0.17019483234370836	0.32980516765629153
32.70008310322076	32.70008310322076	0.17009907624034837	0.3299009237596515
32.756766799556175	32.756766799556175	0.17000356268969657	0.32999643731030337
32.8134186985406	32.8134186985406	0.16990829059108462	0.3300917094089153
32.870038881253436	32.870038881253436	0.1698132588648537	0.3301867411351462
32.92662742841298	32.92662742841298	0.16971846645235475	0.3302815335476452
32.98318442037641	32.98318442037641	0.16962391231594828	0.3303760876840517
33.03970993713985	33.03970993713985	0.16952959543900437	0.3304704045609956
33.09620405833829	33.09620405833829	0.16943551482590283	0.3305644851740972
33.152666863245635	33.152666863245635	0.169341669502033	0.330658330497967
33.209098430774695	33.209098430774695	0.16924805851379393	0.33075194148620607
33.265498839477175	33.265498839477175	0.16915468092859431	0.33084531907140574
33.3218681675437	33.3218681675437	0.16906153583485237	0.3309384641651477
33.37820649280377	33.37820649280377	0.168968622341996	0.33103137765800406
33.43451389272581	33.43451389272581	0.1688759395804628	0.33112406041953735
33.490790444417144	33.490790444417144	0.16878348670169988	0.33121651329830026
33.54703622462399	33.54703622462399	0.16869126287816405	0.3313087371218361
33.603251309731455	33.603251309731455	0.16859926730332173	0.3314007326966784
33.65943577576359	33.65943577576359	0.16850749919164898	0.3314925008083512
33.71558969838332	33.71558969838332	0.16841595777863147	0.3315840422213687
33.77171315289248	33.77171315289248	0.16832464232076452	0.33167535767923567
33.82780621423179	33.82780621423179	0.16823355209555307	0.33176644790444715
33.8838689569809	33.8838689569809	0.16814268640151167	0.3318573135984886
33.93990145535835	33.93990145535835	0.16805204455816453	0.33194795544183575
33.99590378322158	33.99590378322158	0.16796162590604546	0.3320383740939548
34.05187601406692	34.05187601406692	0.16787142980669795	0.33212857019330233
34.107818221029646	34.107818221029646	0.16778145564267502	0.3322185443573253
34.163730476883885	34.163730476883885	0.1676917028175394	0.33230829718246085
34.2196128540427	34.2196128540427	0.16760217075586348	0.3323978292441368
34.275465424558035	34.275465424558035	0.16751285890322917	0.3324871410967711
34.331288260120765	34.331288260120765	0.1674237667262281	0.3325762332737721
34.38708143206064	34.38708143206064	0.16733489371246146	0.33266510628753876
34.442845011346314	34.442845011346314	0.16724623937054015	0.33275376062946005
34.498579068585364	34.498579068585364	0.1671578032300846	0.33284219676991555
34.554283674024255	34.554283674024255	0.167069584841725	0.33293041515827515
34.60995889754835	34.60995889754835	0.166981583777101	0.3330184162228991
34.665604808681934	34.665604808681934	0.16689379962886203	0.333106200371138
34.72122147431745	34.72122147431745	0.16680619822923493	0.333193801770765
34.776808965658866	34.776808965658866	0.1667187845819106	0.33328121541808936
34.83236735351367	34.83236735351367	0.16663157745653545	0.3333684225434646
34.887896706691464	34.887896706691464	0.16654457616437604	0.33345542383562404
34.943397093715404	34.943397093715404	0.16645777997819933	0.33354222002180084
34.99886858282214	34.99886858282214	0.16637118813227225	0.33362881186772786
35.05431124196186	35.05431124196186	0.16628479982236202	0.33371520017763806
35.109725138798275	35.109725138798275	0.16619861420573598	0.333801385794264
35.16511034070862	35.16511034070862	0.16611263040116164	0.33388736959883825
35.22046691478366	35.22046691478366	0.16602684748890675	0.33397315251109305
35.275794927827654	35.275794927827654	0.1659412645107391	0.3340587354892606
35.33109444635844	35.33109444635844	0.16585588046992675	0.334144119530073
35.38636553660734	35.38636553660734	0.1657706943312379	0.3342293056687621
0.01	0.01	0.25	0.25
0.1583566562065668	0.1583566562065668	0.43096782719532506	0.07153213113821652
0.2992109319820012	0.2992109319820012	0.41540944587304635	0.08959022080028695
0.43583717878258166	0.43583717878258166	0.4048999485407937	0.10259892650982727
0.5694215708951753	0.5694215708951754	0.3969262533207069	0.11307108022595214
0.700627099368166	0.7006270993681661	0.3905183437537626	0.12197644856385623
0.8298859360289971	0.8298859360289971	0.38518580811255987	0.12980519350716693
0.9575049392127325	0.9575049392127324	0.3806421049379273	0.13684360689634467
1.0837143918924952	1.083714391892495	0.37670373826997805	0.14327493522325
1.2086939443142926	1.2086939443142926	0.37324533009662864	0.1492243072019723
1.3325879356832122	1.3325879356832122	0.37017760415473666	0.15478075000901753
1.4555149011212676	1.4555149011212674	0.3674336144837152	0.16001096072238605
1.5775740297175151	1.577574029717516	0.36496305988274047	0.1649649919482034
1.6988494362463595	1.6988494362463575	0.3627254787148337	0.16968305693040536
1.8194134675939977	1.8194134675939975	0.3606898348277157	0.17419594383780557
1.9393288582354762	1.9393288582354762	0.3588300334438083	0.17852949969117862
2.058650576011592	2.0586505760115936	0.3571244780828212	0.1827050735451611
2.1774271300385637	2.1774271300385637	0.3555561579882199	0.18673942927702483
2.295701596116268	2.295701596116269	0.3541098751928816	0.19064751822115375
2.4135124156476153	2.413512415647612	0.3527724855515126	0.19444223815354944
2.5308942014192035	2.530894201419204	0.35153368715427746	0.1981336455076706
2.64787812731304	2.6478781273130387	0.35038383400727235	0.20173114101131434
2.7644923872825045	2.7644923872825036	0.3493146981420826	0.20524270775881745
2.8807626429981217	2.8807626429981252	0.3483187335779197	0.20867564722698928
2.9967123563694265	2.9967123563694273	0.3473900792351996	0.21203557732200115
3.112362891615875	3.112362891615875	0.34652287393850345	0.21532811583894926
3.2277339229344943	3.227733922934495	0.3457122448396833	0.21855789344328694
3.342843422141083	3.342843422141084	0.3449533731319151	0.22172948624923308
3.45770805588953	3.4577080558895306	0.3442422000188211	0.22484671184999197
3.572343195028071	3.572343195028071	0.3435755090812632	0.22791254706721423
3.686762973894564	3.686762973894564	0.34294968605877596	0.23093036538912348
3.8009805947197064	3.8009805947197064	0.342361925930504	0.2339027337188655
3.915008152557536	3.915008152557536	0.34180928787747805	0.23683235308718614
4.028856962870809	4.028856962870809	0.3412891612815926	0.2397215959490415
4.142537573854005	4.142537573854005	0.3407993561618146	0.24257241605119306
4.256059766433336	4.256059766433336	0.3403381031741833	0.24538634843220788
4.369432588226583	4.369432588226583	0.3399030719182539	0.2481654856988203
4.482664606139893	4.482664606139893	0.3394927146749724	0.25091114406438997
4.5957636437825204	4.5957636437825204	0.33910524934282527	0.25362486997763367
4.708737057230526	4.708737057230526	0.33873902686101226	0.25630807855651083
4.821591746805296	4.821591746805296	0.33839260665724485	0.25896197873822546
4.934334157073539	4.934334157073539	0.33806475664774616	0.2615875732792265
5.046970276847297	5.046970276847297	0.33775445323725095	0.26418565875520716
5.159505633474711	5.159505633474711	0.3374603078702644	0.26675739073522065
5.271945541361699	5.271945541361699	0.3371812883207087	0.2693035778629602
5.384294810106346	5.384294810106346	0.3369164134411584	0.27182497334502165
5.496557938473965	5.496557938473965	0.3366646353954588	0.27432239638397504
5.608739153837885	5.608739153837885	0.33642500833739025	0.27679656694157784
5.720842412179443	5.720842412179443	0.3361966884106682	0.2792481057387746
5.832871398087994	5.832871398087994	0.33597893374894305	0.28167753425569747
5.944829524760901	5.944829524760901	0.3357711044758006	0.2840852747316658
6.0567199258363145	6.0567199258363145	0.3355726121350673	0.2864716985393161
6.168545518609895	6.168545518609895	0.33538237277067434	0.28883765718899773
6.280309101263863	6.280309101263863	0.33520006797803814	0.2911832675559031
6.392013123701339	6.392013123701339	0.33502502525456374	0.2935089795797362
6.5036598733886954	6.5036598733886954	0.33485662125378524	0.2958151972985428
6.615251475355552	6.615251475355552	0.3346942817853655	0.29810227884871016
6.726789892194775	6.726789892194775	0.334537481815096	0.3003705364649672
6.838276924062478	6.838276924062478	0.3343857454648974	0.3026202364803843
6.949714208678023	6.949714208678023	0.33423864601281883	0.30485159932637357
7.061103221324018	7.061103221324018	0.3340958058930384	0.30706479953268856
7.1724452748463206	7.1724452748463206	0.3339568966958629	0.30925996572742454
7.28374151121547	7.28374151121547	0.33382120723218073	0.311437573265856
7.394993092889486	7.394993092889486	0.3336885328110412	0.3135976512945771
7.506200912871831	7.506200912871831	0.3335585112473691	0.3157403551671344
7.617365754071955	7.617365754071955	0.3334307569320161	0.31786586203829875
7.728488301149454	7.728488301149454	0.3333049077516238	0.31997432937903914
7.839569140514072	7.839569140514072	0.333180625088624	0.32206589497652266
7.9506087603257	7.9506087603257	0.33305759382123823	0.32414067693411425
8.061607550494376	8.061607550494376	0.332935522323478	0.3261987736713771
8.172565802680285	8.172565802680285	0.332814142465145	0.32824026392407224
8.283483710293762	8.283483710293762	0.3326932096118306	0.33026520674415893
8.394361368495286	8.394361368495286	0.3325725026249162	0.3322736414997943
8.505198769620346	8.505198769620346	0.33245180504584854	0.33426560131382793
8.61599582922754	8.61599582922754	0.3323306373247734	0.33624132244914706
8.726752476649274	8.726752476649274	0.33220895171172926	0.33820072766256304
8.83746845368052	8.83746845368052	0.332086505609657	0.34014386347213726
8.948143442131549	8.948143442131549	0.3319630676967083	0.3420707695154017
9.058777063827934	9.058777063827934	0.33183841792624497	0.34398147854935907
9.169368880610552	9.169368880610552	0.3317123475268395	0.34587601645048266
9.279918394335576	9.279918394335576	0.3315846590022748	0.34775440221471665
9.390425046874483	9.390425046874483	0.33145516613154413	0.34961664795747593
9.500888220114055	9.500888220114055	0.3313236939688514	0.35146275891364614
9.611307235956371	9.611307235956371	0.3311900788436109	0.3532927334375835
9.72168135631881	9.72168135631881	0.3310541683604472	0.35510656300311494
9.832009783134058	9.832009783134058	0.3309158213991957	0.3569042322035383
9.942291658350097	9.942291658350097	0.3307749081149018	0.3586857187516219
10.052526054669956	10.052526054669956	0.33063117308561757	0.3604510350787059
10.162712095410154	10.162712095410154	0.3304845192997797	0.36220017377396124
10.272848774462549	10.272848774462549	0.3303348329513277	0.36393309887650227
10.38293503459027	10.38293503459027	0.3301819732455538	0.36564977923011777
10.492969782183852	10.492969782183852	0.330025804913733	0.36735018311803597
10.602951887261234	10.602951887261234	0.3298661982131228	0.36903427826292495
10.712880183467773	10.712880183467773	0.32970302892696324	0.3707020318268921
10.822753468076225	10.822753468076225	0.3295361783644772	0.3723534104114846
10.932570501986763	10.932570501986763	0.32936553336086993	0.37398838005768925
11.042330009726966	11.042330009726966	0.32919098627732957	0.3756069062459323
11.152030679451823	11.152030679451823	0.3290124350010266	0.37720895389607956
11.261671162943726	11.261671162943726	0.32882978294511445	0.3787944873674367
11.371250075612485	11.371250075612485	0.3286429390487288	0.38036347045874863
11.480765996495313	11.480765996495313	0.32845181777698823	0.38191586640820013
11.590217463423485	11.590217463423485	0.3282563283435378	0.3834516228083549
11.69960300811256	11.69960300811256	0.3280563274296014	0.3849706343132898
11.808921167351775	11.808921167351775	0.32785178156594036	0.3864729312159321
11.91817039158483	11.91817039158483	0.32764260715704524	0.3879584484782108
12.027349110255336	12.027349110255336	0.3274287234573843	0.38942712369227145
12.136455731806807	12.136455731806807	0.3272100525714028	0.3908788970804756
12.245488643682668	12.245488643682668	0.3269865194535235	0.3923137114954013
12.354446212326256	12.354446212326256	0.32675805190814666	0.39373151241984283
12.463326783180808	12.463326783180808	0.3265245805896497	0.3951322479668106
12.572128680689476	12.572128680689476	0.32628603900238745	0.39651586887953144
12.680850208295322	12.680850208295322	0.32604236350069216	0.3978823285314483
12.78948964844131	12.78948964844131	0.3257934932888734	0.3992315829262204
12.898045262570314	12.898045262570314	0.3255393704212181	0.40056359069772335
13.00651529112512	13.00651529112512	0.32527993980199055	0.401878313110049
13.114897953548422	13.114897953548422	0.32501514918543245	0.40317571405750524
13.223191448282815	13.223191448282815	0.32474494917576274	0.40445576006461653
13.331393946756327	13.331393946756327	0.3244692838427435	0.40571833461570084
13.439503651083482	13.439503651083482	0.3241881008352459	0.40696334120783406
13.547518730629388	13.547518730629388	0.32390136792083657	0.4081908306030693
13.655437314202768	13.655437314202768	0.32360904152805314	0.4094007313228991
13.763257520309386	13.763257520309386	0.32331107970533934	0.4105929761629717
13.870977457152044	13.870977457152044	0.32300744212104476	0.41176750219309094
13.978595222630581	13.978595222630581	0.3226980900634246	0.4129242507572164
14.086108904341883	14.086108904341883	0.32238298644064045	0.4140631674734634
14.193516579579859	14.193516579579859	0.3220620957807594	0.41518420223410285
14.300816315335467	14.300816315335467	0.32173538423175463	0.41628730920556134
14.408006168296705	14.408006168296705	0.32140281956150524	0.4173724468284213
14.5150841848486	14.5150841848486	0.3210643711577961	0.4184395778174207
14.622048401073224	14.622048401073224	0.3207200100283181	0.41948866916145316
14.72889684274969	14.72889684274969	0.320369708800668	0.42051969212356816
14.83562752535414	14.83562752535414	0.3200134417223484	0.42153262224097077
14.942238454059764	14.942238454059764	0.31965118466076786	0.4225274393250216
15.048727623736783	15.048727623736783	0.31928291510324086	0.4235041274612373
15.155093017217125	15.155093017217125	0.3189086143246506	0.4244624645655783
15.261332659772885	15.261332659772885	0.31852826839826387	0.4254024933553854
15.367444530546587	15.367444530546587	0.31814186056312593	0.42632424141355424
15.473426596028547	15.473426596028547	0.3177493750283595	0.4272276486147159
15.579276820369264	15.579276820369264	0.31735079706856384	0.42811265993372044
15.684993165379424	15.684993165379424	0.3169461130238154	0.4289792254456376
15.790573590529911	15.790573590529911	0.3165353102996674	0.42982730032575633
15.896016052951797	15.896016052951797	0.3161183773671498	0.43065684484958494
16.001318507436338	16.001318507436338	0.31569530376276933	0.4314678243928511
16.106478906434987	16.106478906434987	0.3152660800885097	0.432260209431502
16.21149520005938	16.21149520005938	0.3148306980118315	0.433033975541704
16.31636533608136	16.31636533608136	0.314389150265672	0.43378910339984295
16.42108725993294	16.42108725993294	0.31394143064844543	0.434525578782524
16.52565891470633	16.52565891470633	0.31348753402404284	0.43524339256657174
16.63007824115393	16.63007824115393	0.31302745632183204	0.4359425407290301
16.73434317768834	16.73434317768834	0.31256119453665776	0.43662302434716244
16.838451660382336	16.838451660382336	0.3120887467288416	0.43728484959845126
16.9424016213739	16.9424016213739	0.31161011278793715	0.43792799332196286
17.046191006891817	17.046191006891817	0.3111253058471046	0.4385521432221487
17.149817785716454	17.149817785716454	0.3106343266467343	0.4391575714475901
17.25327989091941	17.25327989091941	0.3101371793773323	0.43974423604382756
17.35657525950076	17.35657525950076	0.3096338690503072	0.4403121004941595
17.459701832389094	17.459701832389094	0.30912440149796977	0.4408611337196422
17.562657554441476	17.562657554441476	0.30860878337353315	0.44139131007909005
17.66544037444348	17.66544037444348	0.30808702215111294	0.44190260936907544
17.76804824510917	17.76804824510917	0.30755912612572694	0.4423950168239286
17.870479123081097	17.870479123081097	0.3070251044132954	0.442868523115738
17.972730968930318	17.972730968930318	0.3064849669506408	0.4433231243543496
18.074801747156364	18.074801747156364	0.30593872449548803	0.4437588220873679
18.176689426187288	18.176689426187288	0.30538638862646433	0.4441756233001549
18.27839197837961	18.27839197837961	0.30482797174309917	0.44457354041583097
18.379907380018366	18.379907380018366	0.3042634870658245	0.4449525912952742
18.48123361131707	18.48123361131707	0.30369294863597457	0.44531279923712075
18.58236865641774	18.58236865641774	0.3031163713157859	0.4456541929777647
18.68331050339088	18.68331050339088	0.3025337707883975	0.44597680669135814
18.784057144235497	18.784057144235497	0.30194516355785045	0.44628067998981125
18.88460657416788	18.88460657416788	0.30135057304811386	0.44656555293015787
18.984956832976888	18.984956832976888	0.30075002436456316	0.4468315670211867
19.08510593472781	19.08510593472781	0.3001435368345584	0.4470788245270505
19.185051895467808	19.185051895467808	0.29953113132974224	0.4473073156523581
19.28479274029323	19.28479274029323	0.2989128294309202	0.447517036035387
19.38432650334962	19.38432650334962	0.29828865342806044	0.44770798674808393
19.483651227831725	19.483651227831725	0.29765862632029394	0.44788017429606436
19.582764965983472	19.582764965983472	0.29702277181591447	0.4480336106186126
19.681665779098005	19.681665779098005	0.2963811143323785	0.44816831308868205
19.780351737517638	19.780351737517638	0.2957336789963053	0.44828430451289486
19.878820920633906	19.878820920633906	0.295080491643477	0.4483816131315421
19.977071416887522	19.977071416887522	0.29442157881883835	0.44846027261858395
20.075101323768397	20.075101323768397	0.2937569677764969	0.4485203220816493
20.172908747815647	20.172908747815647	0.293086686479723	0.448561806062036
20.270491804617567	20.270491804617567	0.2924107636009498	0.44858477453471074
20.367848618811664	20.367848618811664	0.29172922852177313	0.44858928290830935
20.46497732408463	20.46497732408463	0.29104211133295166	0.4485753920251363
20.561876063172353	20.561876063172353	0.2903494428344067	0.4485431681611652
20.658542987859928	20.658542987859928	0.28965125453522256	0.4484926830260384
20.754976256327495	20.754976256327495	0.2889475782847564	0.44842375599132783
20.851174071007264	20.851174071007264	0.2882384545872972	0.4483364476938237
20.94713462400733	20.94713462400733	0.2875239192418979	0.4482309629362949
21.04285610968758	21.04285610968758	0.28680400628653585	0.44810732457407615
21.13833673570595	21.13833673570595	0.28607875040142655	0.44796556061631965
21.233574723018428	21.233574723018428	0.285348186909024	0.44780570422599447
21.328568305879077	21.328568305879077	0.2846123517740208	0.4476277937198867
21.42331573184001	21.42331573184001	0.2838712816033475	0.4474318725686
21.517815261751398	21.517815261751398	0.28312501364617326	0.4472179893965545
21.61206516976147	21.61206516976147	0.28237358579390576	0.446986197981988
21.706063743316513	21.706063743316513	0.28161703658019077	0.4467365572569551
21.799809283160887	21.799809283160887	0.2808554051809125	0.44646913130732757
21.893300103336983	21.893300103336983	0.2800887314141937	0.44618398937279435
21.986534531185278	21.986534531185278	0.27931705574039534	0.4458812058468615
22.079510907344293	22.079510907344293	0.27854041926211676	0.445560860276852
22.17222758575061	22.17222758575061	0.27775886372419567	0.44522303736390617
22.26468293363887	22.26468293363887	0.2769724315137083	0.4448678269629814
22.356875331541776	22.356875331541776	0.27618116565996914	0.4444953240828521
22.44880317329008	22.44880317329008	0.2753851098345311	0.44410562888610977
22.540464866012606	22.540464866012606	0.2745843083511853	0.4436988466891632
22.631858828007772	22.631858828007772	0.2737787991595553	0.4432747658117916
22.722983524055653	22.722983524055653	0.27296863644121855	0.4428335800243533
22.813837410197305	22.813837410197305	0.2721538691421838	0.44237548421082984
22.9044189525816	22.9044189525816	0.27133454239626503	0.4419005372883657
22.994726634153523	22.994726634153523	0.2705107019123804	0.44140880280485584
23.084758954654134	23.084758954654134	0.26968239397455235	0.44090034893894514
23.174514430620604	23.174514430620604	0.2688496654419074	0.4403752485000288
23.26399159538618	23.26399159538618	0.2680125637486764	0.43983357892825214
23.353188999080214	23.353188999080214	0.2671711369041942	0.4392754222945109
23.442105208628142	23.442105208628142	0.26632543349290005	0.43870086530045066
23.530738807751497	23.530738807751497	0.26547550267433717	0.43810999927846755
23.61908839696791	23.61908839696791	0.2646213941831531	0.4375029201917077
23.707152593591093	23.707152593591093	0.26376315832909963	0.4368797286340675
23.794930031730864	23.794930031730864	0.2629008459970325	0.43624052983019357
23.882419362293124	23.882419362293124	0.26203450864691197	0.43558543363548263
23.969619252979875	23.969619252979875	0.2611641983138022	0.43491455453608163
24.056528388289202	24.056528388289202	0.26028996760787165	0.4342280116488878
24.143145469515296	24.143145469515296	0.25941186971439306	0.4335259287215486
24.22946921474843	24.22946921474843	0.2585299583937431	0.4328084341324615
24.31549835887497	24.31549835887497	0.2576442879814029	0.43207566089077426
24.401231652935962	24.401231652935962	0.25675491236210196	0.4313277245321065
24.48666786947062	24.48666786947062	0.25586187039037	0.4305643309938566
24.57180582046065	24.57180582046065	0.25496523695024936	0.4297859610848687
24.65664431116096	24.65664431116096	0.25406506593680495	0.4289927064249965
24.741182166396428	24.741182166396428	0.25316141172918005	0.4281846625211373
24.825418230561894	24.825418230561894	0.25225432919059654	0.42736192876723245
24.909351367622158	24.909351367622158	0.25134387366835487	0.4265246084442672
24.992980461111983	24.992980461111983	0.2504301009938339	0.42567280872027047
25.07630441413611	25.07630441413611	0.24951306748249122	0.4248066406503153
25.159322149369224	25.159322149369224	0.24859282993386272	0.4239262191765183
25.242032609055983	25.242032609055983	0.24766944563156298	0.42303166312804014
25.324434755011012	25.324434755011012	0.24674297234328496	0.42212309522108515
25.406527568618895	25.406527568618895	0.24581346832080034	0.42120064205890173
25.488310050834173	25.488310050834173	0.24488099229995916	0.4202644341317821
25.569781222181362	25.569781222181362	0.24394560350069008	0.41931460581706215
25.650940122754943	25.650940122754943	0.2430073616270003	0.4183512953791219
25.731785812219346	25.731785812219346	0.24206632686697546	0.417374644969385
25.812317369808977	25.812317369808977	0.24112255989277984	0.416384800626319
25.892533894328206	25.892533894328206	0.24017612186065618	0.41538191227543536
25.97243450415136	25.97243450415136	0.2392270744109257	0.4143661337292895
26.052018337222727	26.052018337222727	0.23827547966798826	0.4133376226874805
26.13128455105657	26.13128455105657	0.23732140024032222	0.41229654073665123
26.210232320897187	26.210232320897187	0.2363648834566333	0.4112427828767244
26.288860862812818	26.288860862812818	0.23540599877651924	0.4101765578221623
26.36716939995788	26.36716939995788	0.23444481582104826	0.4090981238386953
26.445157172186295	26.445157172186295	0.23348139593236536	0.4080076073970865
26.522823440935458	26.522823440935458	0.23251580080865178	0.4069051379161014
26.60016748922625	26.60016748922625	0.23154809250412484	0.40579084776250757
26.677188621663035	26.677188621663035	0.230578333429038	0.40466487225107484
26.753886164433652	26.753886164433652	0.22960658634968087	0.4035273496445754
26.830259465309428	26.830259465309428	0.2286329143883792	0.4023784211537835
26.90630789364516	26.90630789364516	0.22765738102349486	0.4012182309374758
26.982030840379128	26.982030840379128	0.22668005008942577	0.400046926102431
27.057427718033104	27.057427718033104	0.2257009857766061	0.39886465670342997
27.132497960712325	27.132497960712325	0.22472025263150616	0.3976715757432562
27.20724102410552	27.20724102410552	0.22373791555663228	0.396467839172695
27.281656385484894	27.281656385484894	0.22275403981052702	0.3952536058905342
27.355743543706133	27.355743543706133	0.22176869100776905	0.3940290377435637
27.429502019208407	27.429502019208407	0.22078193511897315	0.3927942995265756
27.502931354014354	27.502931354014354	0.21979383847079026	0.3915495589823643
27.576031111730114	27.576031111730114	0.21880446774590742	0.39029498680172653
27.648800877545284	27.648800877545284	0.21781388998304788	0.3890307566234611
27.72124025823296	27.72124025823296	0.21682217257697092	0.38775704503436903
27.79334888214971	27.79334888214971	0.21582938327847204	0.38647403156925375
27.865126398820436	27.865126398820436	0.21483558056296786	0.3851817575197577
27.9365724890712	27.9365724890712	0.21384082656717604	0.38388029602271495
28.00768685209664	28.00768685209664	0.2128451999055482	0.38256997219436945
28.078469205699484	28.078469205699484	0.2118487670090338	0.381250939653501
28.14891929043606	28.14891929043606	0.21085159449187327	0.3799233538675101
28.21903686961626	28.21903686961626	0.20985374915159824	0.3785873721524172
28.288821729303613	28.288821729303613	0.20885529796903146	0.3772431536728637
28.358273678315204	28.358273678315204	0.20785630810828667	0.3758908594421109
28.42739254822173	28.42739254822173	0.20685684691676876	0.37453065232204097
28.496178193347472	28.496178193347472	0.20585698192517374	0.37316269702315613
28.56463049077031	28.56463049077031	0.2048567808474887	0.37178716010457913
28.632749340321713	28.632749340321713	0.20385631158099185	0.37040420997405327
28.70053466458675	28.70053466458675	0.2028556422062525	0.369014016887942
28.76798640890408	28.76798640890408	0.20185484098713097	0.3676167529512295
28.83510454136595	28.83510454136595	0.20085397637077881	0.36621259211752
28.90188905281821	28.90188905281821	0.19985311698763858	0.3648017101890384
28.968339956860294	28.968339956860294	0.198852331651444	0.36338428481662993
29.034457289845236	29.034457289845236	0.19785168935921985	0.3619604954997603
29.100241110879654	29.100241110879654	0.19685125929128203	0.36053052358651544
29.16569150182378	29.16569150182378	0.1958511108112375	0.3590945522736019
29.230808567291408	29.230808567291408	0.19485131346598433	0.35765276660634654
29.29559243464995	29.29559243464995	0.19385193698571174	0.35620535347869664
29.36004325402041	29.36004325402041	0.19285305128390004	0.35475250163322
29.42416120057307	29.42416120057307	0.19185472294590375	0.3532943360439919
29.487946473494404	29.487946473494404	0.19085701384804796	0.3518309191201722
29.55139928837475	29.55139928837475	0.18985999937076437	0.350362551136226
29.614519889125532	29.614519889125532	0.18886374886754942	0.34888940624540365
29.677308542615453	29.677308542615453	0.18786833165295821	0.3474116592389428
29.739765538670582	29.739765538670582	0.1868738170026046	0.3459294855460686
29.801891190074286	29.801891190074286	0.1858802741531611	0.3444430612339934
29.86368583256726	29.86368583256726	0.18488777230235895	0.34295256300791704
29.925149824847523	29.925149824847523	0.18389638060898808	0.3414581682110265
29.98628354857042	29.98628354857042	0.1829061681928971	0.3399600548244962
30.047087408348617	30.047087408348617	0.1819172041349935	0.338458401467488
30.10756183175211	30.10756183175211	0.18092955747724324	0.33695338739715097
30.16770726930821	30.16770726930821	0.17994329722267108	0.33544519250862154
30.227524194501544	30.227524194501544	0.17895849233536057	0.33393399733502344
30.28701310377409	30.28701310377409	0.17797521174045391	0.33241998304746795
30.34617451652512	30.34617451652512	0.17699352432415194	0.3309033314550534
30.405008975111247	30.405008975111247	0.1760134989337143	0.32938422500486564
30.4635170448464	30.4635170448464	0.17503520437745929	0.3278628467819778
30.52169931400184	30.52169931400184	0.17405870942476392	0.32633938050945044
30.579556393806133	30.579556393806133	0.173084082806064	0.32481401054833126
30.63708891844519	30.63708891844519	0.17211139321285385	0.3232869218976556
30.694297545062238	30.694297545062238	0.17114070929768668	0.32175830019444585
30.751182953757816	30.751182953757816	0.17017209967417435	0.32022833171371184
30.8077458475898	30.8077458475898	0.1692056329169874	0.3186972033684509
30.863986957395017	30.863986957395017	0.16824138024514976	0.317165093209626
30.919907037709386	30.919907037709386	0.16727941389276174	0.31563212494525
30.9755068370268	30.9755068370268	0.16631978931554464	0.31409850095256725
31.030787153261702	31.030787153261702	0.1653625762739728	0.3125644069006403
31.085748806362528	31.085748806362528	0.16440784421523003	0.31103002784028183
31.14039263831168	31.14039263831168	0.16345566227320962	0.30949554820405484
31.194719513125552	31.194719513125552	0.16250609926851436	0.30796115180627237
31.248730316854505	31.248730316854505	0.16155922370845657	0.30642702184299786
31.302425957582887	31.302425957582887	0.16061510378705804	0.30489334089204484
31.355807365429023	31.355807365429023	0.15967380738505005	0.30336029091297717
31.40887549254521	31.40887549254521	0.15873540206987338	0.30182805324710876
31.461631313117746	31.461631313117746	0.15779995509567837	0.300296808617504
31.514075823366888	31.514075823366888	0.15686753340332477	0.2987667371289772
31.56621004154687	31.56621004154687	0.1559382036203819	0.2972380182680932
31.61803500794592	31.61803500794592	0.1550120320611285	0.2957108309031667
31.669551784886245	31.669551784886245	0.15408908472655292	0.2941853532842629
31.720761456724013	31.720761456724013	0.15316942730435293	0.2926617630431972
31.77166512984939	31.77166512984939	0.1522531251689358	0.291140237193535
31.822263932686514	31.822263932686514	0.15134024338141827	0.2896209521305922
31.872559015693504	31.872559015693504	0.1504308466896267	0.2881040836314347
31.922551551362456	31.922551551362456	0.14952499952809684	0.2865898068548787
31.972242734219446	31.972242734219446	0.14862276601807395	0.28507829634149073
32.02163378082453	32.02163378082453	0.14772420996751284	0.28356972601358726
32.07072592977174	32.07072592977174	0.14682939487107777	0.2820642691752353
32.11952044168909	32.11952044168909	0.1459383839101425	0.28056209851225183
32.16801859923858	32.16801859923858	0.14505123995279035	0.27906338609220416
32.216221744015975	32.216221744015975	0.14416807740980092	0.27756844420443
32.264131132827195	32.264131132827195	0.14328890436620004	0.27607728063284104
32.31174811539923	32.31174811539923	0.14241378460748316	0.27459007177090183
32.359074064782156	32.359074064782156	0.1415427848410812	0.2731070023737612
32.406110373811146	32.406110373811146	0.14067597113512084	0.27162825535917523
32.452858455106465	32.452858455106465	0.13981340891842448	0.27015401180750814
32.4993197410735	32.4993197410735	0.1389551629805102	0.2686844509617315
32.545495683902715	32.545495683902715	0.13810129747159194	0.26721975022742456
32.5913877555697	32.5913877555697	0.1372518759025793	0.26576008517277433
32.63699744783511	32.63699744783511	0.1364069611450777	0.2643056295285752
32.68232627224474	32.68232627224474	0.1355666154313882	0.26285655518822965
32.72737576012945	32.72737576012945	0.13473090035450766	0.2614130322077473
32.77214746260524	32.77214746260524	0.13389987686812874	0.2599752288057458
32.81664295057317	32.81664295057317	0.13307360528663972	0.25854331136345027
32.860863814719416	32.860863814719416	0.13225214528512472	0.2571174444246935
32.90481166551526	32.90481166551526	0.1314355558993636	0.2556977906959159
32.94848813321708	32.94848813321708	0.1306238955258319	0.2542845110461657
32.991894867866364	32.991894867866364	0.12981722192170092	0.25287776450709837
33.03503353928968	33.03503353928968	0.1290155922048378	0.25147770827297755
33.0779058370987	33.0779058370987	0.12821906285380527	0.25008449770067415
33.12051347069021	33.12051347069021	0.12742768970786192	0.24869828630966684
33.16285816924611	33.16285816924611	0.12664152796696204	0.24731922578204193
33.20494168173334	33.20494168173334	0.1258606321917557	0.24594746596249342
33.24676577690401	33.24676577690401	0.1250850563035886	0.24458315485832288
33.288332243295294	33.288332243295294	0.12431485358450235	0.24322643863943957
33.32964288922947	33.32964288922947	0.12355007667723417	0.2418774616383604
33.37069957486978	33.37069957486978	0.12279082000035493	0.24053650673124852
33.41150413644667	33.41150413644667	0.12203717837245498	0.2392038644146018
33.452058354637444	33.452058354637444	0.1212891177361402	0.23787939637800434
33.4923641223535	33.4923641223535	0.1205466991050669	0.23656327635754296
33.53242334847912	33.53242334847912	0.11980998248272204	0.23525567516762255
33.57223795787143	33.57223795787143	0.11907902686242339	0.23395676070096566
33.61180989136041	33.61180989136041	0.11835389022731936	0.2326666979286126
33.65114110574891	33.65114110574891	0.11763462955038907	0.23138564889992158
33.69023357381263	33.69023357381263	0.11692130079444246	0.23011377274256856
33.72908928430014	33.72908928430014	0.1162139589121201	0.22885122566254734
33.767710241932846	33.767710241932846	0.11551265784589328	0.2275981609441694
33.80609846740503	33.80609846740503	0.11481745052806407	0.22635472895006414
33.844255997383826	33.844255997383826	0.1141283888807652	0.22512107712117868
33.882184884509236	33.882184884509236	0.11344552381596013	0.22389734997677804
33.9198871973941	33.9198871973941	0.11276890523544308	0.2226836891144449
33.95736502062413	33.95736502062413	0.11209858203083893	0.2214802332100798
33.994620454757914	33.994620454757914	0.11143460208360333	0.22028711801790116
34.03165561632685	34.03165561632685	0.11077701226502261	0.219104476370445
34.06847263783524	34.06847263783524	0.11012585843621382	0.21793243817856534
34.10507366776023	34.10507366776023	0.10948118544812478	0.2167711304314339
34.14146087055181	34.14146087055181	0.10884303714153395	0.21562067719654016
34.177636426632844	34.177636426632844	0.10821145634705061	0.21448119961969148
34.21360253239905	34.21360253239905	0.10758648488511464	0.21335281592501298
34.249361400219	34.249361400219	0.10696816356599673	0.2122356414149476
34.28491525843414	34.28491525843414	0.10635653218979822	0.21112978847025604
34.320266351358754	34.320266351358754	0.10575162954645127	0.21003536655001678
34.35541693928	34.35541693928	0.10515349341571865	0.20895248219162615
34.39036929845787	34.39036929845787	0.1045621605671939	0.2078812390107983
34.425125721125255	34.425125721125255	0.10397766676030129	0.2068217377015651
34.459688660965696	34.459688660965696	0.10340029153256892	0.20577484377468377
34.494060186045104	34.494060186045104	0.10282983824372398	0.2047399576565213
34.52824263672676	34.52824263672676	0.10226634492367198	0.20371718794858953
34.5622383748311	34.5622383748311	0.10170986159827965	0.2027066807702571
34.596049772489934	34.596049772489934	0.10116043688803131	0.20170857847814957
34.62967921214647	34.62967921214647	0.10061811800802906	0.20072301966614925
34.6631290865553	34.6631290865553	0.10008295076799271	0.19975013916539539
34.6964017987824	34.6964017987824	0.0995549795722598	0.198790068044284
34.729499762205116	34.729499762205116	0.09903424741978555	0.19784293360846808
34.76242540051221	34.76242540051221	0.09852079590414294	0.19690885940085734
34.79518114770379	34.79518114770379	0.09801466521352266	0.19598796520161837
34.827769448091374	34.827769448091374	0.09751589413073308	0.1950803670281747
34.86019275629786	34.86019275629786	0.09702452003320038	0.19418617713520656
34.892453537257545	34.892453537257545	0.09654057889296834	0.19330550401465116
34.924554266216084	34.924554266216084	0.09606410527669856	0.19243845239570248
34.956497428730536	34.956497428730536	0.09559513234567031	0.19158512324481136
34.98828552066933	34.98828552066933	0.09513369185578058	0.19074561376568555
35.0199210482123	35.0199210482123	0.09467981415754409	0.18992001739928957
35.05140652785064	35.05140652785064	0.09423352819609328	0.18910842382384485
35.08274448638696	35.08274448638696	0.09379486151117829	0.1883109189548296
35.11393746093522	35.11393746093522	0.09336384023716698	0.18752758494497893
35.1449879989208	35.1449879989208	0.092940489103045	0.18675850018428478
35.175898658080435	35.175898658080435	0.09252483143241562	0.18600373929999597
35.206672006462256	35.206672006462256	0.09211688914349984	0.18526337315661814
35.237310622425795	35.237310622425795	0.09171668274913646	0.18453746885591374
35.26781709464194	35.26781709464194	0.09132423135678193	0.18382608973690218
35.298194022092986	35.298194022092986	0.09093955266851043	0.1831292953758596
35.3284440140726	35.3284440140726	0.09056266298101387	0.18244714158631908
35.358569690185846	35.358569690185846	0.09019357718560188	0.18177968041907047
35.388573680349154	35.388573680349154	0.08983230876820177	0.18112696016216054
35.418458665848426	35.418458665848426	0.08947891605227626	0.18048915072254748
35.44822753078942	35.44822753078942	0.08913381036265136	0.1798674057192012
35.47788244398899	35.47788244398899	0.08879656110326252	0.17926059130503882
35.50742609644242	35.50742609644242	0.08846720506274282	0.17866881916577892
35.536861181550556	35.536861181550556	0.08814577725471484	0.17809219674258997
35.56619039511978	35.56619039511978	0.08783231091779077	0.17753082723209015
35.59541643536202	35.59541643536202	0.08752683751557226	0.17698480958634755
35.62454200289478	35.62454200289478	0.08722938673665051	0.17645423851288006
35.65356980074111	35.65356980074111	0.0869399864946063	0.17593920447465536
35.6825025343296	35.6825025343296	0.08665866292800986	0.17543979369009102
35.71134291149441	35.71134291149441	0.08638544040042102	0.1749560881330543
35.74009364247525	35.74009364247525	0.08612034150038915	0.17448816553286245
35.76875743991739	35.76875743991739	0.08586338704145309	0.17403609937428247
35.79733701887162	35.79733701887162	0.08561459606214127	0.1735999588975311
35.82583509679432	35.82583509679432	0.0853739858259716	0.17317980909827504
35.85425439354742	35.85425439354742	0.0851415718214516	0.17277571072763073
35.88259763139839	35.88259763139839	0.08491736776207827	0.17238772029216448
35.91086753502025	35.91086753502025	0.08470138558633812	0.17201589005389234
35.939066831491594	35.939066831491594	0.08449363545770726	0.17166026803028026
35.96719825029655	35.96719825029655	0.08429412576465127	0.171320897994244
35.995264523324806	35.995264523324806	0.08410286312062532	0.1709978194741491
36.023268384871606	36.023268384871606	0.08391985236407405	0.17069106775381102
36.05121257163774	36.05121257163774	0.08374509655843171	0.17040067387249486
36.079099822729574	36.079099822729574	0.08357859699212201	0.17012666462491577
36.10693287965899	36.10693287965899	0.08342035317855824	0.16986906256123854
36.134714486343455	36.134714486343455	0.08327036285614321	0.1696278859870779
36.16244738910598	36.16244738910598	0.08312862198826924	0.1694031489634983
36.19013433667512	36.19013433667512	0.08299512476331825	0.1691948613070141
36.217778080185	36.217778080185	0.08286986359466159	0.16900302858958946
36.24538137317528	36.24538137317528	0.08275282912066023	0.16882765213863832
36.27294697159119	36.27294697159119	0.08264401020466462	0.16866872903702448
36.30047763378351	36.30047763378351	0.08254339393501482	0.16852625212306155
36.327976120508566	36.327976120508566	0.08245096562504034	0.16840020999051294
36.35544519492824	36.35544519492824	0.08236670881306023	0.168290586988592
36.382887622609964	36.382887622609964	0.08229060526238313	0.16819736322196172
36.410306171526734	36.410306171526734	0.08222263496130716	0.168120514550735
36.437703903156894	36.437703903156894	0.08216347112629976	0.1680617038739898
36.46508309952779	36.46508309952779	0.08211252655229558	0.16801957057716557
36.49244650977416	36.49244650977416	0.08206974629139618	0.16799400525949604
36.519796916519645	36.519796916519645	0.0820351403624903	0.16798505506147624
36.547137095672554	36.547137095672554	0.0820087167956438	0.167992762876211
36.57446981642576	36.57446981642576	0.08199048163209974	0.16801716734941496
36.60179784125677	36.60179784125677	0.08198043892427827	0.16805830287941234
36.62912392592771	36.62912392592771	0.08197859073577679	0.16811619961713728
36.656450819485286	36.656450819485286	0.08198493714136978	0.16819088346613356
36.683781264260865	36.683781264260865	0.08199947622700894	0.16828237608255478
36.711117995870374	36.711117995870374	0.08202220408982307	0.16839069487516425
36.738463743214375	36.738463743214375	0.08205311483811817	0.16851585300533503
36.765821228478046	36.765821228478046	0.0820922005913774	0.16865785938704997
36.79319316713117	36.79319316713117	0.08213945148026106	0.16881671868690162
36.820582267928145	36.820582267928145	0.0821948556466066	0.1689924313240923
36.84799123290798	36.84799123290798	0.08225839924342866	0.16918499347043411
36.87542275739428	36.87542275739428	0.08233006643491902	0.1693943970503488
36.902879529995296	36.902879529995296	0.08240983939644665	0.169620629740868
36.93036423260385	36.93036423260385	0.0824976983145576	0.169863674971633
36.9578795403974	36.9578795403974	0.08259362138697518	0.1701235119248949
36.98542812183801	36.98542812183801	0.08269758482259976	0.17040011553551446
37.013012638672365	37.013012638672365	0.08280956284150896	0.1706934564909623
37.040635745931745	37.040635745931745	0.08292952767495751	0.17100350123131872
37.06830009193204	37.06830009193204	0.08305744956537729	0.1713302119492738
37.09600831827377	37.09600831827377	0.08319329676637736	0.17167354659012735
37.123763059842055	37.123763059842055	0.08333703554274395	0.17203345885178895
37.151566944806625	37.151566944806625	0.08348863017044042	0.17240989818477787
37.179422594621826	37.179422594621826	0.08364804293660731	0.17280280979222318
37.20733262402662	37.20733262402662	0.08381523413956231	0.17321213462986376
37.23529964104456	37.23529964104456	0.08399016208880025	0.17363780940604814
37.263326246983844	37.263326246983844	0.08417278310499317	0.17407976658173463
37.29141503643724	37.29141503643724	0.08436305151999021	0.1745379343704913
37.31956859728217	37.31956859728217	0.08456091967681773	0.17501223673849595
37.347789510680634	37.347789510680634	0.08476633792967918	0.17550259340453617
